ply
format ascii 1.0
element vertex 22
property float x
property float y
property float z
property float u
property float v
element face 22
property list uchar int vertex_indices
end_header
327.255 178.115 0 654.535 356.199
332.91 161.339 0 665.854 322.648
338.566 144.562 0 677.172 289.097
313.519 168.971 0 627.071 337.905
316.298 156.368 0 632.631 312.7
319.075 143.765 0 638.191 287.494
497.491 179.069 0 994.997 358.143
495.366 132.054 0 990.761 264.114
491.821 185.514 0 983.654 371.033
490.628 143.862 0 981.28 287.733
476.717 170.597 0 953.451 341.201
484.635 143.994 0 969.3 288
460.549 171.961 0 921.115 343.926
455.422 144.106 0 910.874 288.22
437.328 173.92 0 874.675 347.84
426.208 144.22 0 852.449 288.439
414.815 175.819 0 829.651 351.635
396.993 144.334 0 794.023 288.658
392.84 177.674 0 785.702 355.339
367.78 144.448 0 735.598 288.878
327.573 183.186 0 655.167 366.341
356.689 162.467 0 713.41 324.914
3 0 3 1
3 1 3 4
3 1 4 2
3 2 4 5
3 6 8 7
3 7 8 9
3 8 10 9
3 9 10 11
3 10 12 11
3 12 13 11
3 12 14 13
3 13 14 15
3 14 16 15
3 15 16 17
3 16 18 17
3 17 18 19
3 20 0 21
3 18 20 21
3 18 21 19
3 19 21 2
3 1 2 21
3 1 21 0
